https://www.boutjefedankt.nl/s/dGKhzy4FlX05El9
